732205436
265126090
224514577
688845276
338031917
328927962
703696927
441988107
439915091
72009513
109933687
463021764
803064831
399869818
399314707
117593373
759639218
565698157
547878249
632914005
541601024
979428063
381383303
476566683
786831563
572008315
110033385
14457434
665950045
132702074
762254914
476685147
774909364
284798752
397717528
200955058
541956891
972501128
526369082
683827320
444874298
960908470
838803343
974498182
941762364
846207258
866101804
616307371
407251279
291747998
158028414
819176713
368332722
410151377
602962618
574214280
417165243
550198580
574086576
347255683
328628926
135388436
961720713
411094161
769141705
641116032
224646254
769168438
785701656
291705993
70554192
10687159
24965765
69919301
647210255
799108761